0 69722 10659 6.54114 0.00352714 1.07372
0.001 69688 7940 8.77683 0.00358914 1.05543
0.002 69632 7693 9.05135 0.00359617 1.05379
0.003 69558 7517 9.25343 0.003602 1.05265
0.004 69486 7374 9.42311 0.00360703 1.05172
0.005 69407 7199 9.6412 0.00361301 1.05058
0.006 69313 6994 9.91035 0.00362008 1.04924
0.007 69227 6764 10.2346 0.0036276 1.04772
0.008 69123 6533 10.5806 0.00363562 1.04619
0.009 69005 6317 10.9237 0.00364367 1.04477
0.01 68866 6105 11.2803 0.00365219 1.04338
0.011 68752 5915 11.6233 0.00365962 1.04213
0.012 68591 5716 11.9998 0.00366847 1.04083
0.013 68404 5546 12.3339 0.00367732 1.03975
0.014 68159 5346 12.7495 0.00368843 1.03848
0.015 67899 5158 13.1638 0.00369972 1.03729
0.016 67585 4982 13.5658 0.00371219 1.0362
0.017 67201 4798 14.006 0.00372681 1.03508
0.018 66829 4630 14.4339 0.00374086 1.03406
0.019 66354 4484 14.7979 0.00375722 1.03324
0.02 65800 4316 15.2456 0.00377652 1.03228
0.021 65252 4181 15.6068 0.00379505 1.03154
0.022 64632 4037 16.0099 0.0038161 1.03076
0.023 63956 3907 16.3696 0.00383869 1.03009
0.024 63284 3772 16.7773 0.00386172 1.02937
0.025 62559 3656 17.1113 0.00388617 1.02881
0.026 61849 3543 17.4567 0.00391055 1.02824
0.027 61101 3434 17.793 0.00393643 1.02772
0.028 60340 3314 18.2076 0.00396358 1.02709
0.029 59578 3195 18.6473 0.00399129 1.02646
0.03 58782 3115 18.8706 0.00401944 1.02615
0.031 58003 3003 19.315 0.00404868 1.02556
0.032 57166 2928 19.5239 0.00407929 1.02529
0.033 56318 2848 19.7746 0.00411116 1.02497
0.034 55484 2761 20.0956 0.00414353 1.02458
0.035 54618 2670 20.4562 0.004178 1.02415
0.036 53750 2601 20.6651 0.00421259 1.02391
0.037 52966 2516 21.0517 0.00424545 1.02348
0.038 52134 2443 21.3402 0.00428051 1.02316
0.039 51298 2382 21.5357 0.00431612 1.02295
0.04 50468 2312 21.8287 0.00435277 1.02265
0.041 49640 2261 21.9549 0.00438947 1.02252
0.042 48800 2208 22.1014 0.00442773 1.02237
0.043 47927 2149 22.302 0.00446874 1.02217
0.044 47105 2094 22.4952 0.00450839 1.02199
0.045 46235 2038 22.6865 0.00455143 1.0218
0.046 45349 1967 23.0549 0.00459723 1.02146
0.047 44478 1901 23.3972 0.00464343 1.02115
0.048 43641 1853 23.5515 0.00468838 1.02101
0.049 42793 1796 23.8268 0.00473572 1.02077
0.05 41915 1749 23.9651 0.00478562 1.02065
0.051 41097 1690 24.3178 0.00483442 1.02035
0.052 40221 1650 24.3764 0.00488701 1.02031
0.053 39383 1614 24.4009 0.00493883 1.02029
0.054 38504 1565 24.6032 0.00499569 1.02012
0.055 37646 1533 24.5571 0.00505212 1.02016
0.056 36820 1485 24.7946 0.00510943 1.01997
0.057 35941 1450 24.7869 0.0051715 1.01997
0.058 35093 1421 24.696 0.00523324 1.02005
0.059 34272 1375 24.9251 0.00529649 1.01986
0.06 33418 1332 25.0886 0.00536442 1.01973
0.061 32559 1297 25.1033 0.00543478 1.01972
0.062 31729 1254 25.3022 0.00550624 1.01957
0.063 30914 1221 25.3186 0.00557842 1.01956
0.064 30145 1197 25.1838 0.00564855 1.01966
0.065 29300 1166 25.1286 0.00572918 1.0197
0.066 28457 1137 25.0281 0.00581297 1.01978
0.067 27661 1106 25.0099 0.00589594 1.0198
0.068 26941 1083 24.8763 0.00597358 1.0199
0.069 26156 1046 25.0057 0.00606317 1.0198
0.07 25424 1016 25.0236 0.00614992 1.01979
0.071 24653 985 25.0284 0.00624537 1.01978
0.072 23907 961 24.8772 0.00634132 1.0199
0.073 23195 932 24.8873 0.00643796 1.01989
0.074 22479 906 24.8113 0.0065393 1.01995
0.075 21780 882 24.6939 0.0066428 1.02005
0.076 21089 856 24.6367 0.00675044 1.02009
0.077 20465 829 24.6864 0.00685285 1.02005
0.078 19818 805 24.6186 0.00696344 1.02011
0.079 19160 785 24.4076 0.00708081 1.02028
0.08 18551 761 24.3771 0.00719592 1.0203
0.081 17956 742 24.1995 0.00731312 1.02045
0.082 17308 716 24.1732 0.0074486 1.02047
0.083 16652 693 24.0289 0.00759299 1.0206
0.084 16063 669 24.0105 0.00773083 1.02061
0.085 15474 650 23.8062 0.00787524 1.02079
0.086 14924 635 23.5024 0.00801695 1.02105
0.087 14380 606 23.7294 0.00816878 1.02085
0.088 13834 588 23.5272 0.00832697 1.02103
0.089 13342 571 23.366 0.00847793 1.02117
0.09 12825 554 23.1498 0.00864546 1.02137
0.091 12307 545 22.5817 0.00882094 1.0219
0.092 11770 532 22.1241 0.00901596 1.02235
0.093 11268 511 22.0509 0.00921395 1.02242
0.094 10815 504 21.4583 0.00939931 1.02304
0.095 10370 485 21.3814 0.0095981 1.02312
0.096 9922 467 21.2463 0.009811 1.02326
0.097 9510 447 21.2752 0.0100216 1.02323
0.098 9094 432 21.0509 0.0102458 1.02348
0.099 8680 419 20.716 0.0104834 1.02385
0.1 8307 404 20.5619 0.0107144 1.02403
0.101 7927 387 20.4832 0.0109672 1.02412
0.102 7520 378 19.8942 0.0112523 1.02482
0.103 7176 364 19.7143 0.0115163 1.02505
0.104 6752 348 19.4023 0.0118678 1.02545
0.105 6390 339 18.8496 0.0121906 1.02618
0.106 6069 330 18.3909 0.012501 1.02683
0.107 5735 320 17.9219 0.0128512 1.02752
0.108 5405 297 18.1987 0.013243 1.02711
0.109 5109 289 17.6782 0.0136108 1.02789
0.11 4807 278 17.2914 0.0140234 1.02851
0.111 4508 269 16.7584 0.0144685 1.0294
0.112 4248 261 16.2759 0.0148922 1.03026
0.113 3989 255 15.6431 0.0153501 1.03147
0.114 3718 248 14.9919 0.015879 1.03281
0.115 3475 237 14.6624 0.0164133 1.03354
0.116 3220 226 14.2478 0.017035 1.0345
0.117 2985 218 13.6927 0.0176694 1.03587
0.118 2789 210 13.281 0.0182605 1.03696
0.119 2563 203 12.6256 0.019014 1.03885
0.12 2342 193 12.1347 0.0198615 1.04039
0.121 2117 187 11.3209 0.0208333 1.04323
0.122 1944 181 10.7403 0.021693 1.04552
0.123 1779 171 10.4035 0.0226455 1.04696
0.124 1594 164 9.71951 0.0238501 1.05018
0.125 1454 161 9.03106 0.0248836 1.05391
0.126 1320 157 8.40764 0.0260201 1.0578
0.127 1164 151 7.70861 0.0275764 1.06289
0.128 1044 147 7.10204 0.0289764 1.06808
0.129 924 138 6.69565 0.0306858 1.07208
0.13 830 135 6.14815 0.0321911 1.07826
0.131 711 131 5.42748 0.0344623 1.08823
0.132 621 130 4.77692 0.0364905 1.0997
0.133 536 126 4.25397 0.0388661 1.11134
0.134 465 118 3.94068 0.0414158 1.11972
0.135 403 112 3.59821 0.0440653 1.13045
0.136 354 108 3.27778 0.0465242 1.1424
0.137 305 105 2.90476 0.0493865 1.15942
0.138 265 99 2.67677 0.0524142 1.172
0.139 230 96 2.39583 0.0553849 1.19054
0.14 191 84 2.27381 0.0603023 1.19991
0.141 170 81 2.09877 0.0631194 1.2151
0.142 144 80 1.8 0.0668153 1.24722
0.143 116 79 1.46835 0.0716115 1.29655
0.144 95 77 1.23377 0.0762493 1.34556
0.145 81 76 1.06579 0.0798087 1.39222
0.146 58 72 0.805556 0.0877058 1.49712
0.147 44 65 0.676923 0.0957826 1.57394
0.148 35 63 0.555556 0.101015 1.67332
0.149 24 63 0.380952 0.107211 1.90394
0.15 19 58 0.327586 0.113961 2.01311
0.151 16 55 0.290909 0.118678 2.10654
0.152 9 53 0.169811 0.127 2.62467
0.153 7 51 0.137255 0.131306 2.87849
0.154 4 47 0.0851064 0.140028 3.57071
0.155 4 46 0.0869565 0.141421 3.53553
0.156 3 44 0.0681818 0.145865 3.95811
0.157 3 43 0.0697674 0.147442 3.91578
0.158 3 42 0.0714286 0.149071 3.87298
0.159 2 38 0.0526316 0.158114 4.47214
0.16 2 33 0.0606061 0.169031 4.1833
0.161 2 31 0.0645161 0.174078 4.06202
0.162 2 31 0.0645161 0.174078 4.06202
0.163 2 28 0.0714286 0.182574 3.87298
0.164 1 26 0.0384615 0.19245 5.19615
0.165 1 26 0.0384615 0.19245 5.19615
0.166 1 25 0.04 0.196116 5.09902
0.167 1 22 0.0454545 0.208514 4.79583
0.168 1 20 0.05 0.218218 4.58258
0.169 1 19 0.0526316 0.223607 4.47214
0.17 1 18 0.0555556 0.229416 4.3589
0.171 1 15 0.0666667 0.25 4
0.172 1 13 0.0769231 0.267261 3.74166
0.173 1 13 0.0769231 0.267261 3.74166
0.174 1 12 0.0833333 0.27735 3.60555
0.175 1 11 0.0909091 0.288675 3.4641
0.176 1 11 0.0909091 0.288675 3.4641
0.177 1 10 0.1 0.301511 3.31662
0.178 1 10 0.1 0.301511 3.31662
0.179 1 9 0.111111 0.316228 3.16228
0.18 1 9 0.111111 0.316228 3.16228
0.181 1 8 0.125 0.333333 3
0.182 1 7 0.142857 0.353553 2.82843
0.183 1 6 0.166667 0.377964 2.64575
0.184 0 5 0 0.447214 inf
0.185 0 4 0 0.5 inf
0.186 0 4 0 0.5 inf
0.187 0 4 0 0.5 inf
0.188 0 4 0 0.5 inf
0.189 0 4 0 0.5 inf
0.19 0 3 0 0.57735 inf
0.191 0 2 0 0.707107 inf
0.192 0 2 0 0.707107 inf
0.193 0 2 0 0.707107 inf
0.194 0 2 0 0.707107 inf
0.195 0 2 0 0.707107 inf
0.196 0 1 0 1 inf
0.197 0 1 0 1 inf
0.198 0 1 0 1 inf
0.199 0 1 0 1 inf
0.2 0 1 0 1 inf
0.201 0 0 nan inf nan
0.202 0 0 nan inf nan
0.203 0 0 nan inf nan
0.204 0 0 nan inf nan
0.205 0 0 nan inf nan
0.206 0 0 nan inf nan
0.207 0 0 nan inf nan
0.208 0 0 nan inf nan
0.209 0 0 nan inf nan
0.21 0 0 nan inf nan
0.211 0 0 nan inf nan
0.212 0 0 nan inf nan
0.213 0 0 nan inf nan
0.214 0 0 nan inf nan
0.215 0 0 nan inf nan
0.216 0 0 nan inf nan
0.217 0 0 nan inf nan
0.218 0 0 nan inf nan
0.219 0 0 nan inf nan
0.22 0 0 nan inf nan
0.221 0 0 nan inf nan
0.222 0 0 nan inf nan
0.223 0 0 nan inf nan
0.224 0 0 nan inf nan
0.225 0 0 nan inf nan
0.226 0 0 nan inf nan
0.227 0 0 nan inf nan
0.228 0 0 nan inf nan
0.229 0 0 nan inf nan
0.23 0 0 nan inf nan
0.231 0 0 nan inf nan
0.232 0 0 nan inf nan
0.233 0 0 nan inf nan
0.234 0 0 nan inf nan
0.235 0 0 nan inf nan
0.236 0 0 nan inf nan
0.237 0 0 nan inf nan
0.238 0 0 nan inf nan
0.239 0 0 nan inf nan
0.24 0 0 nan inf nan
0.241 0 0 nan inf nan
0.242 0 0 nan inf nan
0.243 0 0 nan inf nan
0.244 0 0 nan inf nan
0.245 0 0 nan inf nan
0.246 0 0 nan inf nan
0.247 0 0 nan inf nan
0.248 0 0 nan inf nan
0.249 0 0 nan inf nan
Maximum S/B: 25.3186 at Discriminant cut of 0.063
